AUC: 0.637892
accuracy: 0.977393
