AUC: 0.588479
accuracy: 0.976376
